30
0
20 20 100 100
1
20 20 100 100
25 25 30 30 20
1
20 20 100 100
25 25 30 30 5
1
20 20 100 100
30 30 25 25 5
2
20 20 100 100
25 25 30 30 20
35 35 50 50 10
2
20 20 100 100
25 25 30 30 0
35 35 50 50 10
3
20 20 100 100
25 25 30 30 0
35 35 50 50 40
40 40 60 60 0
3
20 20 100 100
25 25 30 30 0
35 35 50 50 40
60 60 40 40 0
3
20 20 100 100
25 25 30 30 0
35 35 50 50 0
40 40 60 60 100
3
20 20 100 100
30 30 25 25 0
35 35 50 50 0
40 40 60 60 100
3
20 20 100 100
35 35 50 50 0
30 30 25 25 0
40 40 60 60 100
5
20 20 100 100
25 25 30 30 10
35 20 40 50 10
35 35 50 50 0
65 65 75 75 10
70 70 80 80 0
5
20 20 100 100
25 25 30 30 10
40 50 35 20 10
50 50 35 35 0
65 65 75 75 10
80 80 70 70 0
5
20 20 100 100
50 50 35 35 0
25 25 30 30 10
40 50 35 20 10
80 80 70 70 0
65 65 75 75 10
5
20 20 100 100
50 50 35 35 100
25 25 30 30 100
40 50 35 20 100
80 80 70 70 100
65 65 75 75 100
0
0 0 60 60
1
0 0 2 0
0 1 1 2 0
1
0 0 60 60 
20 20 40 40 10
3
500 500 1000 1000
501 501 999 1000 1000
1 1 499 499 100
1 0 999 999 200
3
500 500 1000 1000
1 1 499 499 100
501 501 999 1000 1000
1 0 999 999 200
3
500 500 1000 1000
1 0 999 999 200
1 1 499 499 100
501 501 999 1000 1000
3
500 500 1000 1000
999 999 1 0 200
499 499 1 1 100
501 501 999 1000 1000
4
200 200 800 800
250 250 700 700 50
1 0 600 600 20
1 1 199 199 10
601 601 790 790 15
4
200 200 800 800
250 250 700 700 50
601 601 790 790 15
1 0 600 600 20
1 1 199 199 10
4
200 200 800 800
250 250 700 700 1100
601 601 790 790 1200
1 0 600 600 1000
1 1 199 199 900
5
200 200 800 800 
100 100 199 199 10
2 2 99 99 15
3 2 550 550 30
250 250 551 551 20
250 251 799 799 10
5
200 200 800 800
250 250 551 551 20
250 251 799 799 10
2 2 99 99 15
100 100 199 199 10
3 2 550 550 30
5
200 200 800 800
250 251 799 799 10
250 250 551 551 20
2 2 99 99 15
3 2 550 550 30
100 100 199 199 10
5
200 200 800 800
250 250 799 798 100
551 551 799 799 31
2 2 99 99 15
3 2 550 550 30
100 100 199 199 10
5
200 200 800 800 
100 100 199 199 1200
2 2 99 99 1200
3 2 550 550 1200
250 250 551 551 1200
250 251 799 799 1200




